-1.590970559999999978e+03
-1.587862840000000233e+03
-1.681953310000000101e+03
-1.615406299999998510e+03
-1.657323619999999437e+03
-1.657039490000000569e+03
-1.506425515270789901e+03
-1.563151519999999891e+03
-1.487108889999999519e+03
-1.516661600000000135e+03
-1.730726260000000366e+03
-1.689695989999999483e+03
-1.450865160000000287e+03
-1.650340670000000728e+03
-1.672992470000000367e+03
-1.423127130000000534e+03
-1.507391590000000633e+03
-1.464843560000000480e+03
-1.487127149999999801e+03
-1.512402319999998326e+03
-1.569095520799923634e+03
-1.498971539999998868e+03
-1.419901700000000801e+03
-1.611489730000000463e+03
-1.554505199999999832e+03
-1.328653310000000147e+03
-1.512908969999998590e+03
-1.596837309999998979e+03
-1.271690729999999348e+03
-1.328709901970291185e+03
-1.277758669999999711e+03
-1.453145269999999755e+03
-1.490729750000000649e+03
-1.237544729999999390e+03
-1.412363140000000612e+03
-1.455352379999999812e+03
-1.463334910000000036e+03
-1.409342149999999492e+03
-1.480444430000000466e+03
-1.385664819999999281e+03
-1.459991459999999051e+03
-1.222419689999999491e+03
-1.546639640000000099e+03
-1.310066560000000436e+03
-1.274662600000000111e+03
-1.322038989999999558e+03
-1.259414519999999811e+03
-1.198040610000000015e+03
-1.189123239999999214e+03
-1.187840739999999869e+03
-1.180770690000000286e+03
-1.205154970000000276e+03
-1.345859859999999799e+03
-1.166809997045425916e+03
-1.300000899999999774e+03
-1.252799439999999549e+03
-1.126344200000000683e+03
-1.082155610000000024e+03
-1.243991299999999228e+03
-1.128143109999999979e+03
-1.184383879999998953e+03
-1.169282929999999624e+03
-1.251153270000000020e+03
-1.286170830000000706e+03
-1.340401219999999967e+03
-1.017588740000000030e+03
-1.182954659999999421e+03
-1.104965460000000121e+03
-1.014132429999999999e+03
-1.232377360000000181e+03
-1.160297699999998940e+03
-1.192744439999999940e+03
-1.197292150000000447e+03
-1.071314330000000609e+03
-1.031301229999999578e+03
-1.085604999999999563e+03
-1.074162460000000237e+03
-1.062210179999999809e+03
-1.131960690000000113e+03
-1.267075900000000729e+03
-1.159610950000000003e+03
-1.116101760000000013e+03
-1.087938430000000153e+03
-1.077787750000000415e+03
-1.144955229999999119e+03
-1.280452490000001262e+03
-9.775395799999997735e+02
-9.990815600000007635e+02
-1.072990616547777336e+03
-1.052299369999999954e+03
-1.152779650000000402e+03
-1.125096579999999904e+03
-1.015887819999999920e+03
-8.277709100000002991e+02
-1.002673269999999434e+03
-1.119741329999999834e+03
-9.855677100000002611e+02
-1.096876469999999472e+03
-1.000175179999999614e+03
-8.590101700000004712e+02
-1.108748579999999947e+03
-1.084965800000000172e+03
-9.368859400000000051e+02
-1.091663699999999835e+03
-9.689878299999996898e+02
-1.041978079999999636e+03
-9.983636799999995901e+02
-1.124289410000000316e+03
-8.362645399999996698e+02
-1.080464369999999690e+03
-9.666530900000005886e+02
-9.707290300000005345e+02
-1.034991859999999406e+03
-8.914250899999997273e+02
-9.020121800000002850e+02
-9.142935600000005252e+02
-8.293167199999999184e+02
-9.110423999999997022e+02
-1.010153069999999730e+03
-8.015861599999999498e+02
-9.090284199999999828e+02
-9.069343600000000833e+02
-8.970678999999998950e+02
-9.706335600000002160e+02
-8.361020999999998367e+02
-8.844248200000004090e+02
-8.772567799999993667e+02
-8.739705199999999650e+02
-1.018698429999999689e+03
-9.643914799999997740e+02
-7.895983300000004874e+02
-8.350738199999997278e+02
-9.184711499999998523e+02
-9.055366800000006151e+02
-8.194356599999996433e+02
-1.003215469999999414e+03
-8.242852099999995517e+02
-7.738966900000001488e+02
-7.857903500000001031e+02
-6.893489599999998063e+02
-7.681741700000000037e+02
-8.711803600000000642e+02
-8.310944599999997990e+02
-8.986293300000000954e+02
-8.855051400000002104e+02
-8.202042300000000523e+02
-6.847904499999998507e+02
-8.068779300000001058e+02
-7.703853800000000547e+02
-7.773169874289152403e+02
-7.858918899999998757e+02
-7.036818600000003698e+02
-8.112492400000005546e+02
-7.191334700000004432e+02
-7.975104399999999032e+02
-6.412277900000001409e+02
-6.446339400000000524e+02
-7.047424999999999500e+02
-6.427797599999998965e+02
-7.170064199999999346e+02
-7.743278099999997721e+02
-8.717709599999996044e+02
-7.172038700000001654e+02
-8.642820499999996855e+02
-7.612310800000001336e+02
-8.107915299999998524e+02
-6.380278900000001840e+02
-8.597016500000003134e+02
-6.889699100000002545e+02
-6.196676400000003468e+02
-7.210257100000002310e+02
-6.482224600000000692e+02
-7.172206999999998516e+02
-7.515728399999999283e+02
-7.029232199999995601e+02
-8.163338700000000472e+02
-5.657074399999997922e+02
-5.911222999999998819e+02
-7.381410599999999249e+02
-7.251935100000000602e+02
-6.961238900000005287e+02
-6.336783699999998589e+02
-6.284448899999998730e+02
-5.447411899999999605e+02
-6.808636900000004744e+02
-7.969252400000001444e+02
-6.286714999999998099e+02
-6.845353799999999183e+02
-4.772614100000001258e+02
-6.947079700000002731e+02
-6.276150399999997944e+02
-7.190094199999998636e+02
-6.273025499999999965e+02
-6.238980400000000373e+02
-6.655335199999999531e+02
-5.689301100000000133e+02
-6.624366899999999987e+02
-6.660608589984252603e+02
-7.075340700000000425e+02
-6.466647500000000264e+02
-5.957267800000003035e+02
-6.964455400000000509e+02
-5.004596599999999285e+02
-5.312874099999999089e+02
-5.272321500000000469e+02
-5.608117600000000493e+02
-5.927692299999999932e+02
-6.207273799999999255e+02
-5.763184800000000223e+02
-4.985093599999997878e+02
-5.423451699999998254e+02
-4.343855699999999160e+02
-7.142157200000001467e+02
-4.962116799999998875e+02
-6.116421599999999899e+02
-4.727058599999999728e+02
-5.891793700000001763e+02
-4.160592199999999252e+02
-4.438238900000001195e+02
-6.631830399999997780e+02
-4.705212499999998386e+02
-5.068270099999999729e+02
-4.428537099999999782e+02
-4.499259400000000824e+02
-5.576235300000001871e+02
-6.090628700000002027e+02
-5.989089900000001307e+02
-5.935971900000000687e+02
-5.012308799999998996e+02
-5.341796399999998357e+02
-6.204419400000000451e+02
-4.908942800000000943e+02
-4.651941800000001876e+02
-5.646212799999999561e+02
-4.725574800000000550e+02
-5.177800599999999349e+02
-5.805445800000002237e+02
-3.967702699999999822e+02
-5.497790800000000218e+02
-4.922091304229383013e+02
-5.788192300000002888e+02
-4.034424199999999132e+02
-4.599026200000000131e+02
-4.891983000000000175e+02
-5.480215000000000600e+02
-5.130382900000000745e+02
-4.521118700000001240e+02
-5.206564400000002024e+02
-4.407842799999997396e+02
-4.964474099999998771e+02
-5.109807399999999689e+02
-5.441858099999999467e+02
-4.462388500000001841e+02
-4.800141599999998903e+02
-4.705605399999998326e+02
-5.228750499999998738e+02
-5.109252999999998792e+02
-4.038794599999999377e+02
-4.419155199999999581e+02
-5.162597247397686715e+02
-4.569641799999999421e+02
-4.617288500000000795e+02
-3.732243000000000279e+02
-5.031968999999998573e+02
-4.180497627355155714e+02
-5.167088799999999083e+02
-3.709101200000001199e+02
-4.329964899999998238e+02
-4.321824900000002003e+02
-3.968518899999999121e+02
-5.239489799999998922e+02
-3.419591900000000351e+02
-4.051241099999999733e+02
-3.327790200000000027e+02
-3.939021099999998228e+02
-3.877558699999999590e+02
-4.058975099999999543e+02
-3.985970120535894239e+02
-3.209084699999999089e+02
-4.334626699999998323e+02
-4.694681300000000306e+02
-4.062167499999999905e+02
-4.146149200000000974e+02
-4.522757699999999090e+02
-4.454531798506021119e+02
-4.311858799999999405e+02
-4.502846600000000876e+02
-3.852102299999998536e+02
-4.074809759421812601e+02
-3.994259900000000698e+02
-3.805874899999999457e+02
-3.633639999999998054e+02
-3.658693599999999151e+02
-4.265344199999998978e+02
-3.571668840567618872e+02
-4.092486799999998652e+02
-2.958662900000001059e+02
-3.674728399999999056e+02
-3.576969099999997752e+02
-4.955781999999999812e+02
-3.357776299999999878e+02
-4.081700200000001360e+02
-2.871913500000000568e+02
-3.251613358599461776e+02
-3.040143299999999158e+02
-3.282319499999999834e+02
-3.646226200000000404e+02
-3.233856800000001499e+02
-3.848507700000001250e+02
-2.488184700000000191e+02
-3.639884699999998361e+02
-3.096298299999999699e+02
-2.823009600000000319e+02
-2.985163000000000011e+02
-4.443591599999998039e+02
-2.802624400000000264e+02
-3.860883800000000292e+02
-2.578351799999999798e+02
-2.061217621597623406e+02
-3.353319299904601962e+02
-2.572660400000000323e+02
-3.859604499999999803e+02
-2.819665600000000154e+02
-3.864324599999999919e+02
-3.249470000000000027e+02
-3.135459499999999480e+02
-2.873200499999999238e+02
-2.776633599999999547e+02
-4.099065900000000511e+02
-3.085061800000000289e+02
-2.732186999999999557e+02
-3.048116209641855789e+02
-2.826693346353363836e+02
-3.152138799999999605e+02
-2.748795899999999506e+02
-2.975466499999999996e+02
-3.341237699999998654e+02
-2.319325699999999983e+02
-2.985773500000000240e+02
-3.469465900000000715e+02
-3.150043300000000386e+02
-3.418937400000000935e+02
-3.553760837537010957e+02
-2.775961499999999091e+02
-2.952104699999999298e+02
-2.041792100000000119e+02
-3.167212099999999850e+02
-4.173198200000000497e+02
-2.634611416259497219e+02
-2.339919999999999618e+02
-3.601891342732447470e+02
-3.579570600000000127e+02
-2.466470699999999283e+02
-2.752835251301147537e+02
-2.262998000000000616e+02
-1.963849400000000003e+02
-3.142277300000000082e+02
-2.766929400000000783e+02
-2.607358799999998951e+02
-2.728781399999999735e+02
-2.113113999999999635e+02
-2.270723299999999654e+02
-3.026380033898756778e+02
-3.009037400000000844e+02
-2.877425600000000827e+02
-2.099237499999999841e+02
-2.874422600000000330e+02
-1.425826737364380392e+02
-3.809821275623431802e+02
-3.238414000000000783e+02
-2.456802799999999536e+02
-2.331174900000000321e+02
-3.142392339645614925e+02
-2.579842300000000250e+02
-3.035098091687410715e+02
-2.024094295790971501e+02
-2.210058200000000284e+02
-2.851576700000000528e+02
-1.933982429852902385e+02
-2.514039100000000531e+02
-2.719763600000000565e+02
-3.041550199999999791e+02
-2.766765500000000202e+02
-3.504256799999999998e+02
-1.914058128559192937e+02
-2.094151435684516116e+02
-2.271049858281047591e+02
-1.839287054429759962e+02
-2.712148300000000063e+02
-2.601704799999999409e+02
-1.414800877447270011e+02
-1.842760199999999884e+02
-1.830102500000000134e+02
-2.826351499999999533e+02
-3.036835018867883491e+02
-2.702199952167859465e+02
-2.048509136416248282e+02
-2.651976000000000226e+02
-1.330575036999510132e+02
-2.109213825149776937e+02
-2.998566485899960981e+02
-2.245181300000000135e+02
-2.021754641736392557e+02
-1.854265099999999507e+02
-1.727352499999999793e+02
-2.004868604325009187e+02
-2.557002513989019974e+02
-2.446073399999999936e+02
-1.613065700000000220e+02
-2.127127000000000407e+02
-2.101768761837409443e+02
-2.235783593144837766e+02
-2.944298342285695185e+02
-2.895335799999999722e+02
-1.743005404415177111e+02
-1.626914599999999780e+02
-1.847594054643456616e+02
-2.065272700000000157e+02
-2.137504997078500253e+02
-2.058405825875027233e+02
-2.598059499999999957e+02
-2.760419463674963936e+02
-2.147141825581582850e+02
-1.945521048013016241e+02
-1.606019225311346759e+02
-2.095784726227494730e+02
-2.563499512322343890e+02
-2.155127499999999259e+02
-2.513143799999999715e+02
-1.367400199999999870e+02
-2.336843299999999886e+02
-1.521174900000000036e+02
-2.505970700000000591e+02
-1.596923508279353996e+02
-1.393431506935218920e+02
-2.186177133567799729e+02
-2.256931535479818933e+02
-2.099823800000000062e+02
-1.672289599999999723e+02
-3.570460065418644149e+02
-1.510856899999999712e+02
-1.702631313938506139e+02
-2.563841344910306930e+02
-1.579660501816648832e+02
-1.576376199999999415e+02
-1.623758896445484936e+02
-1.455069670526693528e+02
-1.164077200000000119e+02
-1.885636000000000934e+02
-1.592776458788180776e+02
-1.713855833878966450e+02
-1.436996770103556571e+02
-1.816075282532423785e+02
-2.222652372085989327e+02
-1.315318144830424671e+02
-1.228789633642371228e+02
-2.180328499999999963e+02
-2.011075700000000097e+02
-2.253148600000000386e+02
-1.035738899999999916e+02
-1.361394199999999728e+02
-1.906144028316622325e+02
-2.114186600000000169e+02
-1.780573800000000233e+02
-1.644618656329544706e+02
-1.420728300000000104e+02
-1.396433953664082424e+02
-2.420395659772458714e+02
-1.322725932443057388e+02
-1.819403900000000078e+02
-2.014009499999999946e+02
-2.305210600000000056e+02
-1.425590555781783166e+02
-7.372656802566004330e+01
-1.481076600000000383e+02
-1.726140563998498294e+02
-1.434303728179995403e+02
-1.579282662697405613e+02
-2.208411010783042911e+02
-1.310746900000000039e+02
-1.933421199999999658e+02
-1.219034805671453796e+02
-1.804894496633512233e+02
-1.743568700000000433e+02
-1.280295500000000004e+02
-1.040293115811950031e+02
-1.506900200000000041e+02
-1.592111523337732422e+02
-1.780450359728085346e+02
-1.298277599913041342e+02
-1.112291299999999552e+02
-1.730927499999999952e+02
-1.201663099999999957e+02
-1.094586484067740031e+02
-1.903191000000000201e+02
-1.392672799999999711e+02
-9.272712958306624387e+01
-2.004605601481898418e+02
-1.897724436893004736e+02
-2.478678550075617579e+02
-1.749549047485448057e+02
-1.657127685909710522e+02
-1.409379984075298466e+02
-1.539525099999999611e+02
-2.036489100000000008e+02
-1.429269799999999577e+02
-1.159306969691297553e+02
-8.408847044849109409e+01
-2.253140567732765476e+02
-1.328533277003871547e+02
-1.734441483397914112e+02
-1.773390504241500878e+02
-1.549558673699813482e+02
-1.441893400000000156e+02
-9.863763488148128999e+01
-1.318774599999999850e+02
-1.122001939574679454e+02
-1.867457217235546523e+02
-1.096557999999999993e+02
-1.805758268879473007e+02
-9.237455398534441997e+01
-1.234705667564209648e+02
-9.502937727256657752e+01
-1.243670754538206324e+02
-1.546585651522456999e+02
-1.593533252250809085e+02
-1.623791216248097555e+02
-9.177440000000001419e+01
-1.815435548709745035e+02
-1.013627800000000150e+02
-1.421584699953104405e+02
-1.237794909629381124e+02
-8.339887999999999124e+01
-1.391430856015766437e+02
-1.873260709221023603e+02
-1.862027167448997602e+02
-5.665086137178020209e+01
-8.868405804036767393e+01
-7.988317776372571188e+01
-1.854542085175671673e+02
-9.014469330433634298e+01
-8.011841152051765391e+01
-1.284409469059958155e+02
-1.190906620521088684e+02
-1.638424402791157206e+02
-9.156124997371168206e+01
-1.198291624687837071e+02
-1.130728822107057425e+02
-1.609625275754380027e+02
-8.913813999999997861e+01
-1.496058058713873891e+02
-1.174951800000000190e+02
-1.250081413682720353e+02
-1.191620376739527245e+02
-1.125369249202243367e+02
-1.083983102229744873e+02
-2.077601307947734313e+02
-1.393754472416113686e+02
-1.192301881682117539e+02
-1.509558845338987112e+02
-1.346617378300856558e+02
-5.277997316786840543e+01
-7.223165985177335813e+01
-1.486924661031072219e+02
-1.218039523918261722e+02
-1.154701939435045972e+02
-1.223853149584566040e+02
-1.406692855280624030e+02
-1.792068899999999303e+02
-1.320933332074801001e+02
-9.167070116486819131e+01
-1.332147925234525587e+02
-1.085944518945252923e+02
-7.357380811448743430e+01
-1.471476998199121056e+02
-1.193861485205688666e+02
-1.187851301358983278e+02
-1.102557941745077272e+02
-2.493569199999999739e+02
-1.998036776191853789e+02
-9.912949754690119164e+01
-7.389344000000001245e+01
-2.925649999999999906e+01
-8.788150880098879725e+01
-4.014863265448342133e+01
-1.108489145725037162e+02
-8.936483968222337637e+01
-7.177337819278561426e+01
-1.323651438861146517e+02
-7.387956928471010087e+01
-8.199052812727083506e+01
-8.718326493407529654e+01
-9.982738349014293533e+01
-1.167840788157105578e+02
-5.136364962112677546e+01
-9.526368653602797565e+01
-6.476969575799920165e+01
-9.030722675963727397e+01
-1.104590151735990560e+02
-1.364750300000000038e+02
-7.579006678880838876e+01
-8.217263330567318746e+01
-1.029320293472448355e+02
-9.192350545622407765e+01
-1.831766330931209836e+02
-9.762873980032453858e+01
-1.371496535944594370e+02
-1.090247598606473360e+02
-5.179741692368938999e+01
-1.289014710949551556e+02
-1.215495308754809258e+02
-7.968312657917766728e+01
-1.134677662024535607e+02
-9.108441191258597769e+01
-1.444167822298109911e+02
-9.021107999999999549e+01
-8.061793743556037839e+01
-1.119742668633337814e+02
-7.521141294723689441e+01
-1.138289252123258848e+02
-5.134485000000001520e+01
-1.466951024745917778e+02
-6.781182988769901954e+01
-1.080541405518775235e+02
-6.088165787255167771e+01
-1.202341715446501809e+02
-1.710690699999999538e+02
-1.049589947244462138e+02
-1.201522617437858855e+02
-1.129108053091303248e+02
-1.014436244950683488e+02
-7.239120836655014557e+01
-1.021699297191197928e+02
-1.303848193274212122e+02
-9.957546783332948337e+01
-5.193251968654787021e+01
-6.196414340314112934e+01
-9.913314622683759580e+01
-1.153194785826855480e+02
-6.189955366808948156e+01
-9.891082364817390271e+01
-7.990221615858428095e+01
-6.948123809012523111e+01
-1.408281841029201189e+02
-1.129799795661366630e+02
-1.297334752101399999e+02
-1.033258524648239245e+02
-8.041376991229333271e+01
-7.857118091111316005e+01
-8.054064396600828957e+01
-1.131616857155215143e+02
-2.011225011936253964e+02
-1.851826399999999069e+02
-9.585414409393717960e+01
-1.349719501663233530e+02
-7.251815376573060234e+01
-7.108472473595627150e+01
-9.237424563683305223e+01
-8.845115138837888935e+01
-1.297913367660382562e+02
-7.135676712486686313e+01
-1.010680473987920465e+02
-5.040025341999006514e+01
-4.094957951570724219e+01
-1.694269933039242346e+02
-1.689008599999999660e+02
-1.412418812549875042e+02
-6.001747999999999905e+01
-8.242682180010561410e+01
-6.875973999999997943e+01
-2.998392999999999731e+01
-8.932941000000002418e+01
-1.308251619141058768e+02
-1.577600919292999322e+02
-1.309773510703014097e+02
-1.054618077101893761e+02
-6.359556621162927570e+01
-6.091905749314159380e+01
-1.083391709384183628e+02
-1.219288817199135053e+02
-1.425504417952080871e+02
-1.193757724980567758e+02
-1.310168892474042934e+02
-1.486742801102593887e+02
-7.942430062177976424e+01
-5.244543079010135500e+01
-1.149384845659365197e+02
-8.100368811088932830e+01
-9.098800609111296467e+01
-1.401139568435516196e+02
-6.482226782555086686e+01
-1.047052474388303125e+02
-1.221265540197249919e+02
-7.919838685827041047e+01
-1.581967836224273753e+02
-1.028073741857842123e+02
-1.120865885308835175e+02
-7.300022422725871252e+01
-1.233715369232383665e+02
-1.439903779281544018e+02
-1.304010787070943138e+02
-7.127474368041453090e+01
-5.150740675353610953e+01
-9.936661315346837853e+01
-8.238421347858495380e+01
-9.958390903743536171e+01
-1.043369769978202442e+02
-1.716663788933423405e+02
-1.210723813611055562e+02
-6.284110147876774732e+01
-1.442355122909308136e+02
-8.987025090535132676e+01
-9.740467374173891812e+01
-1.595066154597009245e+02
-1.208929674540681276e+02
-1.089550608685891859e+02
-1.148505223437545766e+02
-9.878619359302504677e+01
-1.234944552970754330e+02
-6.895389000000001545e+01
-6.109146700914563866e+01
-1.061594711192733200e+02
-9.098205515243749630e+01
-1.481602998574267076e+02
-1.002354623696721205e+02
-7.102040861626937840e+01
-9.219606957702590933e+01
-9.957985254005272679e+01
-1.148810214961583966e+02
-1.181384732612530257e+02
-1.150408292136766164e+02
-1.220259148082756013e+02
-6.130574100738706989e+01
-1.887814944200622449e+02
-1.335860722469111579e+02
-1.010137025267287214e+02
-5.146467454304364963e+01
-1.170646671043374312e+02
-1.463618082379091447e+02
-4.874245105131833355e+01
-9.656412633098699416e+01
-1.285307637737302286e+02
-7.994059000000000026e+01
-2.795391075717085272e+01
-1.087705398828350383e+02
-1.013680954412179176e+02
-8.897588999999999260e+01
-7.967089057967363885e+01
-1.300505102199484213e+02
-1.209284331766199330e+02
-6.035674481764808519e+01
-1.512330937542321010e+02
-1.095657618416628907e+02
-6.931180796379572939e+01
-4.876950049695197720e+01
-1.237072718842603223e+02
-8.432790217531530175e+01
-6.924666152693305321e+01
-8.526502579885112709e+01
-4.020267731415982837e+01
-5.021404214757499318e+01
-8.378294396116876896e+01
-7.261316751511110112e+01
-8.956647999999999854e+01
-1.600325012519945460e+02
-9.579073395540076774e+01
-1.040861908877622284e+02
-1.156514578764349466e+02
-1.173343534143947551e+02
-7.884451261831354429e+01
-7.684896893398874340e+01
-7.276037635817031912e+01
-7.087980318598738450e+01
-1.004331183173937490e+02
-8.998959541807148810e+01
-1.112979953430080258e+02
-1.411370461479486664e+02
-9.224422497834768819e+01
-1.269452105886503119e+02
-1.096420499999999976e+02
-1.508267500000000325e+02
-9.810686291654198499e+01
-1.440960772880505942e+02
-1.159840367776343157e+02
-8.344691726081995853e+01
-1.308935502765128263e+02
-1.127643919459510187e+02
-7.009224835621081695e+01
-6.423455951483178694e+01
-8.475432257470731656e+01
-3.171420838941946485e+01
-5.179060557153395905e+01
-8.562900926630742049e+01
-1.140416500955592056e+02
-1.815100370268861525e+02
-8.836721450389036647e+01
-1.229285535899363566e+02
-1.423550342328814793e+02
-1.154220544190906423e+02
-1.094491099999999904e+02
